mean_reward_env_0 = [-3.2187061723860095 0.3927506828936771 1.3792992854030672 2.4145768981135918 0.8030025317805667 1.219904788652275 0.12234024583922291 0.4847416179510674 1.6479452317575123 -1.4576008976918047 0.7721265055843105 1.0759201991617373 1.634429551869107 3.060117940699274 0.8361497773990777 -0.29433441656983633 -0.3405539920215233 -0.6466972417041689 -0.13826695941424988 -0.9063105660934525 0.017477753709863465 0.6514499989003525 0.6986247936709333 1.2984931646171844 -0.5026109183116205 -0.41668149036268004 -3.554128857362957 -1.9214826298357366 -0.17414545659376018 -0.5541955579506975 2.6485949993586475 0.5073859151989609 -5.813351954678228 0.2721236175564627 1.3671876176853401 -2.185130938077782 0.7901617002358762 1.9336874364522374 -0.4050793162465496 -1.0087659454129607 ]
mean_reward_env_1 = [0.29611102679332363 0.25291758653495433 0.5599519784833319 -0.26464864598310667 0.7856569066654628 0.725548574052209 -0.6368212231218422 0.12008690080945143 -0.11227718636923782 -0.14483750927947767 -1.059904273549455 2.214673111967204 0.007745841934593045 0.6447817391323042 -0.8618435479521395 -1.503327897723284 -1.5289005386264762 -4.754610950925416 -1.3316225945874294 -2.930104011378171 -2.885137016249246 -2.3003686082304737 -2.2847650264134245 -0.6650873281919303 -0.35342880615980904 -2.5693029367764213 -3.0921513089146173 -2.280192901767441 0.25261474085370994 -1.9890616342078373 -0.9492594984083553 -1.4673789532637784 -2.707893432697529 -2.0796177388190697 -1.5382827422013634 -4.8504353434561835 -0.7911281088535631 -1.0946755985165737 -1.9346170042911126 -0.66730904685827 ]
mean_reward_env_2 = [3.014612840113114 -0.6227064417966176 -2.428189528187795 -3.250965425246261 -1.3874057850061945 -1.3549166221401265 0.5727586626434913 0.43402856520351063 -1.2570176306006033 1.0122482021475776 -0.6786849455471383 -2.221893323846598 -2.3951889514242337 -3.9741681751922444 0.6366115066277416 -0.9762104182564144 0.5915617983904667 -0.06917685074968176 0.18998927027369064 -1.113590448461764 -1.332343621563124 -0.21421654017176478 1.9313752093186736 -0.36057991350498925 -0.5076724597376596 1.2833052583973767 2.4535203718470258 2.3125643321614917 0.9048604170688804 2.019304808691777 -4.868898728282511 -1.6047772725033382 0.5990110829985497 0.6218513800944947 -0.3753368803412741 0.7731317896639667 -0.6974101517528709 -0.362124310884019 1.4240688543042779 1.3177139271283067 ]
mean_reward_env_3 = [-1.1495227720504773 -0.1019105018044911 -1.7258802920063316 -0.6507527807906627 -0.5582629365877437 -0.9721345514615678 -0.5340255370269802 -0.30739235154230754 -1.4358296936952684 0.057090556829280104 0.10592349796097551 -2.411126819538185 -1.123398851191297 -3.205516292595712 0.22695707868242607 1.074439635517774 0.787086178823938 1.6975459440531266 0.4064899468031399 1.2299745675204576 0.8393257774439917 0.9251198213096359 -1.6638391975788067 -0.05376893834691145 -0.884849057116935 -0.3196258868780205 -0.7442677029015613 -0.8781267990911147 -2.456301764017462 1.54950640018169 -6.238360722938159 -0.5014877930897228 -3.168262327566481 1.2284261187093761 0.061346156074705505 1.6132918845169115 0.5424195141471501 0.05132821089619029 0.36819923581897457 0.5051388706466696 ]
